m:	341.7541557305336
mu_0:	0.17
mu_1:	0.44000000000000006
