m:	441.25563704076313
mu_0:	0.21000000000000002
mu_1:	0.485
