m: 372.0514919264825
mu_0: 0.175
mu_1: 0.45999999999999996
